3 3
22 33 17 3 

9 10 5 
9 10 6 
9 11 5 
9 11 6 
10 10 5 
10 10 6 
10 11 5 
10 11 6 
15 12 7 
15 12 8 
15 13 7 
15 13 8 
16 12 7 
16 12 8 
16 13 7 
16 13 8 
19 9 4 
19 9 5 
19 10 4 
20 9 4 
20 9 5 
20 10 4 
0 1 
2 3 
0 2 
1 3 
4 5 
6 7 
4 6 
5 7 
0 4 
1 5 
2 6 
3 7 
8 9 
10 11 
8 10 
9 11 
12 13 
14 15 
12 14 
13 15 
8 12 
9 13 
10 14 
11 15 
16 17 
18 0 
16 18 
19 20 
21 0 
19 21 
16 19 
17 20 
18 21 

0 2 1 3 
4 6 5 7 
0 8 4 9 
1 10 5 11 
2 8 6 10 
3 9 7 11 
12 14 13 15 
16 18 17 19 
12 20 16 21 
13 22 17 23 
14 20 18 22 
15 21 19 23 
24 26 25 0 
27 29 28 0 
24 30 27 31 
25 32 28 0 
26 30 29 32 

0 1 2 3 4 5 
6 7 8 9 10 11 
12 13 14 15 16 0 
